3 0.750332 0.788881 0.724057 0.748763 0.735085 0.725934 0.761360 0.766052
3 0.678000 0.652283 0.708025 0.680086 0.699604 0.708828 0.669579 0.681025
3 0.668818 0.232604 0.686269 0.202086 0.695765 0.219248 0.678314 0.249766
3 0.259099 0.257422 0.282030 0.278367 0.276318 0.298133 0.253386 0.277188
3 0.634228 0.319277 0.645108 0.280811 0.657439 0.291834 0.646559 0.330300
3 0.346743 0.361245 0.361257 0.404613 0.346486 0.420236 0.331972 0.376868
3 0.593705 0.685949 0.622314 0.703194 0.616711 0.732570 0.588103 0.715325
3 0.764674 0.080384 0.789825 0.061307 0.796263 0.088134 0.771113 0.107211
3 0.631010 0.593118 0.618556 0.544699 0.637740 0.529104 0.650194 0.577523
3 0.730307 0.134942 0.749009 0.111397 0.755631 0.128021 0.736929 0.151566
3 0.396811 0.546463 0.426391 0.581089 0.414647 0.612796 0.385067 0.578170
3 0.370780 0.453727 0.377704 0.491591 0.358386 0.502755 0.351463 0.464890
3 0.482110 0.639346 0.513612 0.649653 0.510077 0.683802 0.478575 0.673495
3 0.179013 0.173878 0.197244 0.193646 0.191820 0.209456 0.173589 0.189687
3 0.802412 0.870421 0.771801 0.822237 0.786130 0.793468 0.816740 0.841652
3 0.604539 0.462732 0.591749 0.412044 0.610044 0.397453 0.622835 0.448142
3 0.918041 0.083436 0.937751 0.100305 0.935605 0.108231 0.915895 0.091361
3 0.041582 0.034813 0.064583 0.051008 0.059980 0.071669 0.036979 0.055474
3 0.881305 1.000000 0.855646 0.956657 0.869215 0.931684 0.894875 0.975751
3 0.950978 0.105637 0.972953 0.124808 0.969856 0.136030 0.947880 0.116858