3 0.700742 0.718791 0.673669 0.683432 0.684154 0.658061 0.711227 0.693420
3 0.650130 0.642034 0.630242 0.597987 0.644661 0.577411 0.664549 0.621457
3 0.747865 0.114911 0.768061 0.096660 0.773490 0.115644 0.753293 0.133896
3 0.358986 0.414379 0.368446 0.454516 0.354035 0.465251 0.344575 0.425114
3 0.702658 0.170224 0.719915 0.144847 0.727550 0.161257 0.710293 0.186634
3 0.393298 0.554809 0.416461 0.589998 0.404619 0.614635 0.381455 0.579447
3 0.792193 0.876615 0.821436 0.916094 0.810411 0.941903 0.781169 0.902424
3 0.835975 0.048144 0.854873 0.018345 0.865587 0.039819 0.846689 0.069618
3 0.621868 0.376470 0.629220 0.330130 0.643757 0.337419 0.636405 0.383759
3 0.815299 0.068519 0.841079 0.068982 0.840951 0.091666 0.815171 0.091203
3 0.445362 0.612125 0.473965 0.624418 0.469742 0.655468 0.441139 0.643175
3 0.685499 0.754831 0.716012 0.785875 0.708251 0.809984 0.677738 0.778940
3 0.288408 0.282533 0.308211 0.306506 0.301176 0.324874 0.281372 0.300902
3 0.757265 0.799341 0.726187 0.759605 0.738047 0.730288 0.769125 0.770025
3 0.533062 0.323231 0.503366 0.311109 0.507563 0.278621 0.537259 0.290743
3 0.166809 0.160244 0.191094 0.183577 0.185274 0.202719 0.160990 0.179386
3 0.817385 0.888690 0.788778 0.853979 0.798761 0.827976 0.827368 0.862688
3 0.949017 0.102921 0.971402 0.124712 0.967649 0.136894 0.945265 0.115103
3 0.513753 0.611138 0.544483 0.596799 0.550830 0.639787 0.520100 0.654127
3 0.996429 0.165421 0.975794 0.142010 0.983779 0.119765 1.000000 0.143175
3 0.908593 1.000000 0.884114 1.000000 0.884115 0.978238 0.908594 0.978243
3 0.917186 0.086173 0.937111 0.104354 0.934376 0.113827 0.914451 0.095646