3 0.679766 0.686394 0.653124 0.651555 0.663463 0.626569 0.690105 0.661408
3 0.640341 0.617644 0.621105 0.575042 0.636742 0.552727 0.655978 0.595329
3 0.800202 0.065966 0.818681 0.058035 0.822715 0.087737 0.804235 0.095669
3 0.388429 0.533494 0.404072 0.573928 0.389696 0.591506 0.374053 0.551072
3 0.752344 0.105359 0.772088 0.086569 0.777865 0.105752 0.758120 0.124542
3 0.463365 0.624251 0.494965 0.630108 0.492885 0.665564 0.461285 0.659706
3 0.868609 0.011841 0.854286 0.011770 0.854308 0.000000 0.868630 0.000000
3 0.656838 0.248871 0.673657 0.218537 0.682745 0.234463 0.665926 0.264796
3 0.894157 0.089779 0.918417 0.103866 0.914697 0.124110 0.890438 0.110023
3 0.521500 0.621903 0.545189 0.609221 0.550896 0.642912 0.527207 0.655594
3 0.823136 0.920561 0.852597 0.968935 0.840406 0.992402 0.810945 0.944028
3 0.345964 0.368462 0.355221 0.405224 0.343099 0.414871 0.333842 0.378109
3 0.731834 0.768342 0.703100 0.724788 0.717124 0.695547 0.745858 0.739101
3 0.445318 0.294993 0.414278 0.288557 0.416661 0.252229 0.447701 0.258665
3 0.243597 0.239395 0.268995 0.263933 0.262653 0.284679 0.237255 0.260141
3 0.780011 0.840914 0.754736 0.800873 0.766864 0.776678 0.792139 0.816720
3 0.574560 0.566335 0.592221 0.518829 0.607211 0.536442 0.589550 0.583949
3 0.934646 0.107062 0.910350 0.081875 0.917958 0.058679 0.942254 0.083865
3 0.873234 0.990677 0.844011 0.937228 0.858016 0.913027 0.887239 0.966476