3 0.677266 0.680277 0.650204 0.644890 0.660234 0.620649 0.687296 0.656036
3 0.640170 0.615479 0.620119 0.571071 0.635351 0.549336 0.655402 0.593743
3 0.807651 0.064342 0.827522 0.053210 0.832453 0.081028 0.812583 0.092160
3 0.392587 0.552132 0.413903 0.585456 0.402725 0.608053 0.381409 0.574730
3 0.761850 0.098167 0.780038 0.078276 0.786588 0.097204 0.768399 0.117094
3 0.477604 0.629084 0.508049 0.626962 0.508855 0.663508 0.478409 0.665630
3 0.665615 0.233773 0.682070 0.202816 0.691156 0.218079 0.674700 0.249036
3 0.908156 0.100083 0.931927 0.112271 0.928823 0.131399 0.905053 0.119210
3 0.533297 0.618386 0.553422 0.597032 0.564099 0.628836 0.543974 0.650190
3 0.840065 0.959420 0.872348 0.988530 0.864102 1.000000 0.831819 0.988322
3 0.350996 0.386513 0.359660 0.424230 0.346400 0.433857 0.337736 0.396140
3 0.728893 0.763223 0.699961 0.719369 0.713815 0.690481 0.742748 0.734335
3 0.425587 0.293635 0.397733 0.281742 0.402538 0.246180 0.430392 0.258072
3 0.256405 0.251463 0.281709 0.277250 0.274845 0.298537 0.249541 0.272750
3 0.775962 0.833002 0.749767 0.795611 0.761017 0.770702 0.787212 0.808093
3 0.583252 0.552280 0.596057 0.502619 0.610498 0.514387 0.597693 0.564048
3 0.928532 0.098999 0.902705 0.075918 0.909489 0.051927 0.935316 0.075008
3 0.867646 0.981772 0.838929 0.928741 0.853187 0.904339 0.881904 0.957370