3 0.682369 0.690788 0.655518 0.655675 0.665548 0.631434 0.692399 0.666547
3 0.640500 0.620104 0.621264 0.577501 0.637104 0.554896 0.656340 0.597499
3 0.789932 0.073377 0.809445 0.063346 0.813713 0.089586 0.794200 0.099617
3 0.380674 0.513693 0.395716 0.554841 0.381305 0.571492 0.366263 0.530344
3 0.744494 0.115474 0.762941 0.095449 0.769048 0.113230 0.750601 0.133255
3 0.450323 0.617900 0.481739 0.631177 0.477282 0.664508 0.445865 0.651230
3 0.851803 0.016712 0.856657 0.000000 0.869551 0.000000 0.864697 0.024067
3 0.649426 0.268767 0.664776 0.233687 0.675053 0.247900 0.659703 0.282980
3 0.880177 0.081754 0.904368 0.096207 0.900552 0.116394 0.876361 0.101941
3 0.508477 0.626329 0.534097 0.615751 0.538398 0.648671 0.512778 0.659249
3 0.800236 0.888030 0.829228 0.932474 0.818514 0.954562 0.789522 0.910119
3 0.337275 0.351034 0.350227 0.385760 0.339809 0.398040 0.326857 0.363314
3 0.737644 0.773125 0.707185 0.731901 0.719648 0.702800 0.750106 0.744025
3 0.461522 0.298955 0.431269 0.289374 0.434832 0.253822 0.465085 0.263404
3 0.231757 0.225137 0.256420 0.251940 0.249493 0.272085 0.224830 0.245282
3 0.785604 0.847690 0.759222 0.809972 0.770646 0.784718 0.797028 0.822436
3 0.566019 0.577355 0.587403 0.534960 0.601169 0.556905 0.579784 0.599300
3 0.943151 0.114641 0.917723 0.091192 0.924557 0.067767 0.949986 0.091216
3 0.878092 1.000000 0.849976 0.947050 0.864617 0.922691 0.892732 0.976098