3 0.747488 0.783250 0.719215 0.746886 0.729595 0.721380 0.757868 0.757743
3 0.689099 0.708678 0.667006 0.663075 0.681214 0.641322 0.703306 0.686925
3 0.677215 0.219316 0.694080 0.189064 0.703514 0.205684 0.686649 0.235936
3 0.271197 0.268256 0.293862 0.290097 0.287658 0.310448 0.264992 0.288607
3 0.638756 0.300315 0.651904 0.263607 0.663327 0.276537 0.650179 0.313245
3 0.352167 0.378195 0.366006 0.422784 0.350958 0.437546 0.337119 0.392957
3 0.611440 0.696120 0.640594 0.713388 0.634914 0.743695 0.605760 0.726427
3 0.772401 0.070997 0.798531 0.058336 0.803120 0.088263 0.776989 0.100924
3 0.624830 0.575367 0.615520 0.528677 0.636628 0.515374 0.645939 0.562064
3 0.737457 0.126620 0.755861 0.103129 0.762543 0.119676 0.744139 0.143167
3 0.408760 0.559966 0.438397 0.596915 0.426136 0.627997 0.396499 0.591047
3 0.373370 0.472517 0.383059 0.509438 0.364651 0.524705 0.354962 0.487784
3 0.501016 0.645835 0.532523 0.656091 0.529193 0.688424 0.497685 0.678168
3 0.188583 0.186085 0.208320 0.202853 0.203604 0.220397 0.183867 0.203629
3 0.796680 0.862334 0.766146 0.814695 0.780403 0.785814 0.810937 0.833453
3 0.603114 0.446098 0.585716 0.400507 0.602094 0.380754 0.619492 0.426345
3 0.918072 0.082928 0.937893 0.100448 0.935574 0.108739 0.915753 0.091219
3 0.055412 0.043318 0.075958 0.066974 0.069588 0.084460 0.049042 0.060804
3 0.874125 0.987930 0.848555 0.943700 0.861812 0.919477 0.887383 0.963708
3 0.950804 0.105468 0.972670 0.125033 0.969509 0.136199 0.947643 0.116633