3 0.811542 0.877464 0.784318 0.834352 0.796271 0.810499 0.823494 0.853611
3 0.704002 0.685119 0.732767 0.715968 0.723082 0.744510 0.694317 0.713662
3 0.611602 0.424906 0.619961 0.382039 0.634232 0.390834 0.625872 0.433702
3 0.144469 0.132318 0.164421 0.154182 0.158135 0.172311 0.138183 0.150447
3 0.593248 0.519187 0.602986 0.473762 0.616127 0.482665 0.606389 0.528090
3 0.239681 0.235386 0.262557 0.256522 0.256673 0.276651 0.233797 0.255515
3 0.438937 0.607434 0.466379 0.630970 0.458459 0.660159 0.431016 0.636622
3 0.084188 0.046136 0.065825 0.030702 0.070499 0.013123 0.088863 0.028557
3 0.695299 0.178436 0.717318 0.148839 0.725014 0.166934 0.702995 0.196531
3 0.657268 0.614598 0.688016 0.640869 0.680232 0.669661 0.649484 0.643390
3 0.166134 0.125895 0.144857 0.105328 0.151574 0.083365 0.172851 0.103931
3 0.656434 0.255244 0.672514 0.223670 0.681587 0.238275 0.665507 0.269848
3 0.345166 0.371916 0.360411 0.418815 0.345980 0.433640 0.330735 0.386741
3 0.302353 0.293963 0.322314 0.319946 0.314314 0.339370 0.294353 0.313387
3 0.836060 0.048608 0.854649 0.024781 0.863940 0.047688 0.845351 0.071515
3 0.375204 0.487276 0.389517 0.528696 0.375317 0.544205 0.361003 0.502786
3 0.077137 0.063041 0.095346 0.077970 0.091093 0.094366 0.072883 0.079437
3 0.887894 1.000000 0.854581 0.953041 0.868877 0.923606 0.902189 0.974736
3 0.637832 0.593132 0.615919 0.550337 0.632480 0.523535 0.654394 0.566329
3 0.917682 0.083138 0.939052 0.100250 0.936485 0.110381 0.915115 0.093269