3 0.782578 0.832267 0.753641 0.794380 0.764297 0.768659 0.793234 0.806546
3 0.694404 0.672633 0.724472 0.701283 0.715492 0.731070 0.685424 0.702421
3 0.628699 0.339226 0.641768 0.299718 0.654114 0.312626 0.641045 0.352134
3 0.189735 0.182607 0.210421 0.205878 0.204015 0.223874 0.183329 0.200603
3 0.609964 0.437742 0.617412 0.392415 0.630661 0.399295 0.623213 0.444623
3 0.283121 0.281190 0.306509 0.303576 0.300213 0.324366 0.276825 0.301979
3 0.491094 0.643856 0.521175 0.655014 0.517239 0.688551 0.487158 0.677393
3 0.724672 0.135664 0.745502 0.107114 0.753453 0.125447 0.732623 0.153997
3 0.664354 0.661988 0.643993 0.615655 0.658563 0.595419 0.678924 0.641752
3 0.112960 0.071347 0.093232 0.053501 0.099019 0.033282 0.118747 0.051129
3 0.686410 0.198135 0.703561 0.171113 0.711506 0.187050 0.694356 0.214073
3 0.367753 0.445962 0.378295 0.494805 0.359331 0.507742 0.348788 0.458899
3 0.337334 0.346866 0.351747 0.382040 0.339750 0.397579 0.325336 0.362404
3 0.853455 0.034345 0.858011 0.000000 0.869982 0.000841 0.865426 0.038877
3 0.404189 0.559994 0.427134 0.594927 0.416123 0.617783 0.393179 0.582851
3 0.117854 0.104590 0.135556 0.124119 0.130063 0.139854 0.112361 0.120325
3 0.847722 0.939362 0.815303 0.889934 0.829883 0.859712 0.862301 0.909140
3 0.620527 0.546466 0.608759 0.498012 0.630515 0.481312 0.642283 0.529766
3 0.918875 0.082985 0.938960 0.099526 0.936333 0.109607 0.916248 0.093067
3 0.951850 0.104018 0.973944 0.123807 0.970546 0.135797 0.948452 0.116008