3 0.774856 0.824807 0.747773 0.784235 0.759519 0.759453 0.786602 0.800024
3 0.691044 0.669992 0.721398 0.697674 0.712602 0.728157 0.682248 0.700474
3 0.635212 0.321536 0.646927 0.282273 0.659580 0.294205 0.647865 0.333468
3 0.202060 0.194592 0.222221 0.220083 0.215127 0.237815 0.194966 0.212325
3 0.612905 0.416142 0.621268 0.374259 0.635012 0.382932 0.626648 0.424815
3 0.295086 0.291172 0.317200 0.318971 0.309080 0.339383 0.286967 0.311584
3 0.506437 0.649001 0.536937 0.661103 0.532625 0.695443 0.502126 0.683341
3 0.731158 0.126215 0.752629 0.098414 0.759988 0.116377 0.738517 0.144178
3 0.662085 0.654490 0.639325 0.612470 0.653020 0.589028 0.675779 0.631049
3 0.100463 0.058528 0.080307 0.042263 0.085474 0.022028 0.105630 0.038293
3 0.693837 0.187593 0.710837 0.158241 0.719183 0.173518 0.702183 0.202870
3 0.371186 0.461105 0.383751 0.511465 0.364231 0.526858 0.351666 0.476498
3 0.344622 0.361948 0.357735 0.397594 0.344441 0.413052 0.331327 0.377406
3 0.853217 0.024480 0.857231 0.000000 0.870221 0.000000 0.866207 0.029398
3 0.413414 0.576231 0.438967 0.608212 0.428773 0.633954 0.403220 0.601973
3 0.128589 0.115343 0.145542 0.136064 0.139640 0.151324 0.122687 0.130603
3 0.838520 0.925611 0.806501 0.876067 0.821376 0.845686 0.853394 0.895229
3 0.615986 0.531554 0.605990 0.485314 0.629327 0.469371 0.639322 0.515612
3 0.919071 0.082054 0.939739 0.098551 0.937179 0.108687 0.916511 0.092190
3 0.003891 0.000000 0.009769 0.015239 0.003401 0.022455 0.000000 0.006057
3 0.951195 0.104410 0.973544 0.124328 0.970159 0.136330 0.947810 0.116412