3 0.707517 0.725322 0.678664 0.691259 0.688316 0.665419 0.717169 0.699482
3 0.653096 0.647444 0.633209 0.603398 0.647424 0.583111 0.667312 0.627158
3 0.739534 0.125134 0.758561 0.104134 0.765154 0.123014 0.746127 0.144014
3 0.353176 0.393265 0.363591 0.434684 0.350991 0.444698 0.340575 0.403279
3 0.694478 0.179118 0.712406 0.156036 0.719585 0.173660 0.701657 0.196741
3 0.384513 0.536775 0.406116 0.572977 0.393612 0.596559 0.372009 0.560356
3 0.769264 0.847751 0.800068 0.881546 0.790632 0.908731 0.759827 0.874936
3 0.830766 0.046229 0.850893 0.024879 0.860901 0.054697 0.840774 0.076047
3 0.618409 0.397322 0.624238 0.354103 0.640445 0.361011 0.634616 0.404230
3 0.804317 0.069592 0.829797 0.067022 0.830579 0.091519 0.805099 0.094090
3 0.435253 0.599448 0.462369 0.622048 0.454851 0.650552 0.427736 0.627952
3 0.662833 0.736471 0.693208 0.761979 0.686646 0.786677 0.656271 0.761169
3 0.277001 0.271666 0.297813 0.292766 0.291749 0.311668 0.270937 0.290567
3 0.761290 0.805726 0.729366 0.764908 0.741835 0.734089 0.773759 0.774907
3 0.543472 0.332879 0.515073 0.313256 0.521111 0.285639 0.549510 0.305262
3 0.917180 0.086648 0.937113 0.104800 0.934382 0.114278 0.914449 0.096125
3 0.154716 0.145685 0.177758 0.170987 0.171326 0.189500 0.148284 0.164198
3 0.822193 0.898960 0.795492 0.860472 0.806973 0.835299 0.833674 0.873788
3 0.949553 0.104674 0.971355 0.125458 0.968156 0.136067 0.946353 0.115282
3 0.500947 0.615572 0.533637 0.606653 0.537074 0.646465 0.504384 0.655384
3 0.997069 0.165208 0.989232 0.146146 0.995118 0.138496 1.000000 0.157558