3 0.696398 0.713033 0.669542 0.676389 0.680165 0.651782 0.707021 0.688426
3 0.647522 0.635336 0.627960 0.592012 0.642582 0.571146 0.662144 0.614470
3 0.755228 0.107096 0.774895 0.087101 0.781230 0.106793 0.761563 0.126788
3 0.366520 0.435424 0.373161 0.476347 0.356397 0.484946 0.349755 0.444023
3 0.711102 0.156271 0.728544 0.133577 0.735773 0.151136 0.718331 0.173830
3 0.403955 0.571070 0.428604 0.605220 0.417399 0.630782 0.392750 0.596632
3 0.814060 0.911110 0.843769 0.950254 0.832295 0.977779 0.802585 0.938635
3 0.841599 0.040440 0.859687 0.011116 0.869338 0.029930 0.851251 0.059254
3 0.625920 0.353056 0.635733 0.309175 0.648559 0.318240 0.638746 0.362121
3 0.827107 0.067381 0.851965 0.072110 0.850497 0.096508 0.825639 0.091779
3 0.459672 0.617211 0.487838 0.630676 0.483036 0.662419 0.454870 0.648953
3 0.708769 0.776013 0.738923 0.809913 0.730293 0.834173 0.700140 0.800272
3 0.298756 0.295206 0.318164 0.319382 0.311140 0.337202 0.291732 0.313026
3 0.753254 0.794457 0.722598 0.754477 0.734766 0.724987 0.765423 0.764967
3 0.519086 0.317792 0.490507 0.305321 0.494977 0.272949 0.523555 0.285420
3 0.180652 0.173219 0.203988 0.198557 0.197473 0.217522 0.174137 0.192184
3 0.809219 0.882588 0.783209 0.842634 0.795468 0.817412 0.821478 0.857366
3 0.525247 0.608352 0.551210 0.585760 0.562773 0.627759 0.536810 0.650351
3 0.986242 0.154159 0.960346 0.131326 0.967404 0.106026 0.993300 0.128859
3 0.908267 1.000000 0.875474 1.000000 0.876108 0.976338 0.908901 0.978310
3 0.916926 0.085710 0.936851 0.103891 0.934116 0.113364 0.914191 0.095183