3 0.741677 0.778489 0.715119 0.737536 0.726552 0.714104 0.753110 0.755057
3 0.687549 0.702645 0.663010 0.661857 0.675993 0.637170 0.700532 0.677958
3 0.684837 0.204087 0.702957 0.176934 0.711517 0.194987 0.693397 0.222140
3 0.282829 0.281660 0.305848 0.302302 0.299983 0.322970 0.276965 0.302327
3 0.645183 0.283162 0.658363 0.248150 0.669401 0.261283 0.656220 0.296294
3 0.359544 0.397346 0.370063 0.442216 0.353477 0.454506 0.342958 0.409636
3 0.630662 0.705663 0.660119 0.726823 0.653192 0.757300 0.623735 0.736140
3 0.779879 0.072336 0.804385 0.052949 0.811267 0.080442 0.786761 0.099829
3 0.619321 0.552911 0.614219 0.508929 0.636408 0.500793 0.641510 0.544775
3 0.744549 0.118477 0.763293 0.095038 0.770035 0.112079 0.751290 0.135517
3 0.416730 0.573266 0.449149 0.603919 0.438999 0.637845 0.406580 0.607192
3 0.376299 0.490668 0.389028 0.525102 0.371617 0.545443 0.358889 0.511009
3 0.520222 0.652987 0.551726 0.663271 0.548528 0.694235 0.517024 0.683951
3 0.199512 0.196935 0.219174 0.215012 0.214030 0.232695 0.194368 0.214617
3 0.792526 0.852673 0.760965 0.808684 0.774140 0.778808 0.805701 0.822797
3 0.598108 0.431663 0.580339 0.385400 0.596684 0.365559 0.614453 0.411822
3 0.918572 0.082712 0.937685 0.099644 0.935594 0.107103 0.916482 0.090171
3 0.066613 0.055928 0.087956 0.077237 0.082346 0.094998 0.061002 0.073689
3 0.866806 0.974903 0.841521 0.931479 0.854548 0.907505 0.879833 0.950928
3 0.950628 0.105537 0.972570 0.124829 0.969684 0.135204 0.947742 0.115911