3 0.804691 0.866406 0.775796 0.825381 0.787497 0.799335 0.816392 0.840360
3 0.700567 0.683098 0.730423 0.711470 0.721829 0.740051 0.691973 0.711678
3 0.614952 0.403050 0.623183 0.360594 0.638694 0.370098 0.630463 0.412554
3 0.155648 0.144820 0.175817 0.167808 0.169352 0.185736 0.149183 0.162748
3 0.598619 0.498774 0.606430 0.454124 0.619610 0.461411 0.611799 0.506061
3 0.251030 0.247231 0.273957 0.268192 0.268241 0.287954 0.245314 0.266993
3 0.451189 0.618416 0.479997 0.637430 0.473290 0.669547 0.444482 0.650533
3 0.071186 0.035403 0.053425 0.018856 0.058502 0.001634 0.076263 0.018181
3 0.703027 0.170499 0.723257 0.136433 0.732390 0.153575 0.712160 0.187641
3 0.656588 0.612985 0.687043 0.638191 0.679350 0.667570 0.648894 0.642365
3 0.150917 0.113780 0.130416 0.090858 0.137625 0.070479 0.158126 0.093401
3 0.663526 0.238502 0.680379 0.208229 0.689078 0.223535 0.672225 0.253808
3 0.354853 0.388040 0.366288 0.438746 0.346709 0.452701 0.335274 0.401995
3 0.311907 0.305802 0.331421 0.333582 0.322468 0.353458 0.302954 0.325678
3 0.841318 0.052935 0.855638 0.018787 0.866494 0.033176 0.852175 0.067324
3 0.380513 0.505820 0.396781 0.547174 0.383550 0.563624 0.367282 0.522271
3 0.088350 0.071138 0.105633 0.091818 0.099671 0.107565 0.082388 0.086886
3 0.876486 0.986479 0.843771 0.936245 0.858410 0.906113 0.891125 0.956348
3 0.627828 0.584682 0.616398 0.530991 0.638318 0.516243 0.649748 0.569935
3 0.918043 0.083554 0.938191 0.099851 0.935603 0.109965 0.915455 0.093667