3 0.717489 0.743119 0.690473 0.705333 0.701261 0.680955 0.728277 0.718741
3 0.661434 0.663496 0.640482 0.618603 0.654712 0.597615 0.675664 0.642508
3 0.724075 0.144414 0.744268 0.124188 0.750404 0.143549 0.730211 0.163775
3 0.337147 0.357012 0.351141 0.392719 0.340457 0.405951 0.326464 0.370244
3 0.679594 0.205230 0.696738 0.179611 0.704781 0.196622 0.687637 0.222241
3 0.377207 0.496909 0.391218 0.538114 0.373834 0.556795 0.359824 0.515589
3 0.729458 0.794715 0.758940 0.827905 0.749188 0.855285 0.719706 0.822095
3 0.817071 0.050274 0.841192 0.036940 0.846992 0.070096 0.822871 0.083431
3 0.613028 0.443229 0.619179 0.396339 0.635410 0.403068 0.629259 0.449958
3 0.784347 0.073700 0.804955 0.068276 0.807320 0.096670 0.786711 0.102094
3 0.413078 0.575284 0.436775 0.603065 0.427026 0.629346 0.403329 0.601565
3 0.621552 0.703450 0.651796 0.726075 0.645635 0.752105 0.615391 0.729480
3 0.255003 0.250651 0.275038 0.270429 0.269476 0.288238 0.249441 0.268460
3 0.771677 0.817224 0.738113 0.779922 0.749156 0.748516 0.782721 0.785819
3 0.564707 0.356014 0.536568 0.329792 0.544668 0.302319 0.572807 0.328541
3 0.917153 0.088025 0.936809 0.105091 0.934409 0.113827 0.914753 0.096761
3 0.129414 0.117813 0.151319 0.143695 0.144544 0.161817 0.122639 0.135934
3 0.834834 0.920829 0.807330 0.881899 0.819333 0.855097 0.846837 0.894027
3 0.474706 0.616082 0.508997 0.611803 0.510711 0.655214 0.476420 0.659494
3 0.950426 0.106221 0.972210 0.125034 0.969366 0.135445 0.947581 0.116632