3 0.737728 0.770722 0.710722 0.732167 0.721647 0.707982 0.748653 0.746537
3 0.681755 0.695228 0.658594 0.652611 0.671891 0.629772 0.695052 0.672389
3 0.692478 0.190010 0.710986 0.165209 0.718980 0.184064 0.700472 0.208865
3 0.296302 0.291486 0.316867 0.319128 0.308385 0.339070 0.287821 0.311427
3 0.650386 0.265808 0.665363 0.233159 0.675656 0.248081 0.660679 0.280730
3 0.367926 0.418479 0.374787 0.462179 0.354470 0.472261 0.347609 0.428561
3 0.649450 0.719788 0.678656 0.743174 0.671383 0.771878 0.642178 0.748492
3 0.788985 0.059409 0.813305 0.051341 0.816744 0.084109 0.792424 0.092177
3 0.617042 0.532054 0.612036 0.488510 0.632958 0.480909 0.637964 0.524453
3 0.750502 0.108518 0.770786 0.088584 0.776581 0.107222 0.756297 0.127156
3 0.381395 0.508102 0.396507 0.545236 0.381105 0.565046 0.365993 0.527912
3 0.538755 0.659731 0.570954 0.670959 0.567495 0.702306 0.535296 0.691078
3 0.210891 0.206571 0.230932 0.227266 0.225047 0.245281 0.205005 0.224586
3 0.787280 0.844475 0.755780 0.799604 0.768970 0.770340 0.800470 0.815210
3 0.593565 0.415796 0.572861 0.374182 0.587685 0.350871 0.608389 0.392484
3 0.918303 0.082732 0.937428 0.099620 0.935343 0.107083 0.916218 0.090195
3 0.077963 0.068741 0.100195 0.089071 0.094953 0.107185 0.072722 0.086855
3 0.860277 0.962580 0.834645 0.920484 0.847014 0.896679 0.872647 0.938775
3 0.950825 0.106649 0.972420 0.125094 0.969488 0.135944 0.947893 0.117498
3 0.427204 0.584933 0.462274 0.613353 0.453525 0.647475 0.418455 0.619055