3 0.761302 0.800927 0.733063 0.765275 0.742864 0.740740 0.771103 0.776392
3 0.684710 0.660013 0.713679 0.687410 0.704873 0.716838 0.675904 0.689442
3 0.654012 0.263529 0.670689 0.231042 0.680884 0.247582 0.664207 0.280069
3 0.235375 0.234825 0.257698 0.253785 0.252646 0.272583 0.230323 0.253623
3 0.623830 0.356785 0.635075 0.315027 0.647524 0.325623 0.636279 0.367380
3 0.327339 0.330790 0.345758 0.367342 0.334119 0.385877 0.315701 0.349324
3 0.557397 0.668677 0.586050 0.682484 0.581145 0.714657 0.552491 0.700849
3 0.750622 0.100567 0.772919 0.071636 0.781670 0.092951 0.759373 0.121882
3 0.644569 0.622987 0.626499 0.575969 0.642410 0.556642 0.660480 0.603660
3 0.062017 0.024993 0.042826 0.013158 0.046837 0.000000 0.066028 0.004435
3 0.715793 0.151936 0.734551 0.129347 0.740977 0.146212 0.722220 0.168801
3 0.384086 0.516316 0.407078 0.558580 0.392477 0.583684 0.369485 0.541420
3 0.361829 0.415901 0.370131 0.452879 0.352234 0.465580 0.343931 0.428602
3 0.451856 0.618322 0.482579 0.638805 0.476269 0.668716 0.445546 0.648232
3 0.158335 0.150698 0.176956 0.171108 0.171352 0.187265 0.152732 0.166855
3 0.815911 0.888641 0.784309 0.841798 0.798151 0.812285 0.829753 0.859128
3 0.608249 0.490487 0.599312 0.440157 0.620917 0.428032 0.629855 0.478361
3 0.917919 0.083577 0.938299 0.100085 0.936248 0.108089 0.915867 0.091582
3 0.020470 0.014886 0.041226 0.033219 0.035780 0.052706 0.015024 0.034373
3 0.897231 1.000000 0.872776 0.985802 0.883498 0.960748 0.907954 0.993827
3 0.950733 0.105481 0.972037 0.124968 0.969058 0.135260 0.947755 0.115773