3 0.722852 0.750273 0.696269 0.711529 0.706835 0.688616 0.733419 0.727360
3 0.668121 0.671025 0.644682 0.631538 0.657400 0.607679 0.680839 0.647166
3 0.716407 0.158794 0.734410 0.132844 0.742447 0.150465 0.724444 0.176415
3 0.328328 0.338281 0.344331 0.373027 0.333652 0.388571 0.317649 0.353825
3 0.672028 0.220086 0.688328 0.192781 0.696722 0.208618 0.680422 0.235922
3 0.376304 0.478929 0.385081 0.520545 0.364842 0.534034 0.356065 0.492418
3 0.707964 0.773146 0.737737 0.803691 0.729016 0.830557 0.699243 0.800012
3 0.809873 0.053730 0.835468 0.042962 0.839606 0.074047 0.814011 0.084816
3 0.614323 0.468673 0.614846 0.420534 0.632552 0.421142 0.632029 0.469281
3 0.774575 0.081556 0.796633 0.072358 0.799904 0.097148 0.777846 0.106346
3 0.402550 0.560126 0.425242 0.588069 0.415158 0.613949 0.392466 0.586005
3 0.599960 0.690767 0.630300 0.710420 0.625040 0.736084 0.594700 0.716432
3 0.243050 0.240765 0.263534 0.259034 0.258512 0.276828 0.238029 0.258559
3 0.774504 0.824291 0.742144 0.783765 0.754142 0.753486 0.786502 0.794013
3 0.573699 0.370844 0.546463 0.337489 0.556509 0.311564 0.583745 0.344918
3 0.917532 0.084647 0.937529 0.101522 0.935072 0.110723 0.915075 0.093848
3 0.116177 0.104213 0.138728 0.129165 0.132261 0.147639 0.109709 0.122687
3 0.839862 0.931418 0.814283 0.888542 0.827325 0.863952 0.852904 0.906829
3 0.950340 0.106057 0.972319 0.125217 0.969452 0.135609 0.947473 0.116449
3 0.462382 0.613404 0.497529 0.614848 0.496993 0.656040 0.461846 0.654597