3 0.832393 0.900079 0.800550 0.864870 0.810315 0.836958 0.842158 0.872167
3 0.729906 0.753238 0.699911 0.722451 0.709156 0.693984 0.739151 0.724772
3 0.604536 0.467435 0.611923 0.421594 0.626193 0.428861 0.618806 0.474703
3 0.120539 0.109508 0.140898 0.126099 0.136232 0.144195 0.115873 0.127605
3 0.581695 0.557458 0.593062 0.513246 0.606326 0.524023 0.594959 0.568235
3 0.218424 0.212454 0.241466 0.233011 0.235743 0.253287 0.212700 0.232730
3 0.416171 0.582645 0.442670 0.610305 0.433309 0.638651 0.406809 0.610991
3 0.111763 0.069590 0.091238 0.054854 0.095529 0.035966 0.116054 0.050701
3 0.680160 0.205707 0.698807 0.170153 0.708902 0.186885 0.690255 0.222440
3 0.657993 0.616124 0.688565 0.641976 0.681070 0.669987 0.650498 0.644135
3 0.193641 0.152627 0.170188 0.134737 0.175630 0.112188 0.199083 0.130078
3 0.644353 0.288474 0.658420 0.255727 0.668147 0.268934 0.654080 0.301680
3 0.336029 0.341479 0.351101 0.391200 0.336888 0.404817 0.321815 0.355096
3 0.284215 0.272013 0.304016 0.297599 0.296514 0.315950 0.276713 0.290364
3 0.824013 0.051329 0.845311 0.039013 0.850466 0.067190 0.829169 0.079505
3 0.368149 0.449512 0.378833 0.488151 0.361539 0.503265 0.350854 0.464626
3 0.058142 0.041370 0.075852 0.060874 0.070504 0.076223 0.052793 0.056719
3 0.901543 1.000000 0.879472 0.984065 0.893249 0.960778 0.915320 1.000000
3 0.650851 0.601374 0.619423 0.575493 0.628837 0.539366 0.660264 0.565248
3 0.919351 0.084128 0.938832 0.099677 0.936378 0.109391 0.916898 0.093842