3 0.727770 0.758272 0.700841 0.719549 0.711813 0.695432 0.738743 0.734155
3 0.672489 0.679552 0.648769 0.639246 0.661365 0.615819 0.685085 0.656124
3 0.708253 0.169265 0.726254 0.143312 0.734456 0.161291 0.716454 0.187244
3 0.318738 0.321592 0.336205 0.355302 0.326054 0.371927 0.308586 0.338216
3 0.664303 0.233407 0.681458 0.205700 0.689863 0.222149 0.672709 0.249855
3 0.372864 0.459001 0.381163 0.500925 0.361511 0.513221 0.353212 0.471297
3 0.688632 0.753104 0.717523 0.781719 0.709285 0.808007 0.680393 0.779392
3 0.802872 0.055390 0.828875 0.045746 0.832545 0.077017 0.806542 0.086662
3 0.613326 0.489449 0.614289 0.441795 0.632507 0.442958 0.631544 0.490613
3 0.765691 0.092100 0.787364 0.076240 0.792122 0.096789 0.770449 0.112649
3 0.394691 0.543138 0.414011 0.577539 0.401663 0.599455 0.382344 0.565054
3 0.579795 0.677733 0.610085 0.697628 0.604580 0.724119 0.574290 0.704224
3 0.232067 0.229685 0.253029 0.247261 0.248142 0.265685 0.227179 0.248109
3 0.777545 0.830859 0.747317 0.786144 0.760476 0.758030 0.790703 0.802745
3 0.580911 0.385465 0.555976 0.348263 0.567527 0.323794 0.592462 0.360996
3 0.917593 0.083568 0.937356 0.100241 0.935011 0.109025 0.915249 0.092351
3 0.103347 0.092744 0.126000 0.115583 0.120090 0.134108 0.097438 0.111269
3 0.846450 0.941085 0.821607 0.899518 0.834280 0.875582 0.859122 0.917148
3 0.950643 0.105660 0.972065 0.124732 0.969149 0.135081 0.947727 0.116008
3 0.449857 0.606479 0.486243 0.618203 0.482435 0.655558 0.446049 0.643834