3 0.754394 0.795777 0.728072 0.755048 0.739356 0.732000 0.765678 0.772729
3 0.681800 0.656447 0.711183 0.684430 0.702575 0.712997 0.673192 0.685014
3 0.661702 0.248821 0.677376 0.215394 0.687778 0.230809 0.672103 0.264236
3 0.247423 0.246148 0.269530 0.265890 0.264036 0.285334 0.241929 0.265592
3 0.628900 0.339175 0.639260 0.297711 0.652350 0.308047 0.641990 0.349511
3 0.334642 0.347207 0.353729 0.382660 0.342441 0.401867 0.323354 0.366414
3 0.574875 0.675986 0.603492 0.691679 0.598042 0.723089 0.569425 0.707396
3 0.756759 0.087240 0.783582 0.065722 0.790116 0.091464 0.763293 0.112981
3 0.637786 0.610128 0.622242 0.559809 0.639818 0.542650 0.655362 0.592969
3 0.049837 0.019619 0.028909 0.014940 0.030371 0.000000 0.051300 0.000000
3 0.722955 0.144463 0.741322 0.120880 0.747878 0.137019 0.729511 0.160601
3 0.392034 0.530341 0.416337 0.572903 0.401716 0.599288 0.377413 0.556726
3 0.366849 0.434203 0.373072 0.473413 0.355026 0.482464 0.348803 0.443254
3 0.466190 0.630843 0.498074 0.644624 0.493706 0.676564 0.461822 0.662783
3 0.169316 0.161237 0.187684 0.183197 0.181726 0.198948 0.163358 0.176989
3 0.808738 0.878118 0.777465 0.832017 0.791262 0.802438 0.822535 0.848538
3 0.608486 0.476747 0.594825 0.430411 0.614430 0.412142 0.628092 0.458478
3 0.918099 0.082095 0.938739 0.099797 0.936589 0.107720 0.915949 0.090017
3 0.031447 0.023749 0.052950 0.043558 0.047199 0.063289 0.025696 0.043479
3 0.890937 1.000000 0.863252 0.969792 0.876251 0.944500 0.903935 0.989467
3 0.950804 0.105893 0.972511 0.124984 0.969509 0.135773 0.947801 0.116682