3 0.685523 0.695977 0.658672 0.660864 0.669164 0.635504 0.696016 0.670618
3 0.642086 0.622772 0.622688 0.579809 0.638122 0.557783 0.657521 0.600747
3 0.779849 0.082819 0.800917 0.068007 0.806089 0.091255 0.785020 0.106067
3 0.378059 0.495033 0.389415 0.533585 0.371420 0.550337 0.360064 0.511785
3 0.735524 0.124255 0.754264 0.104194 0.760309 0.122042 0.741569 0.142102
3 0.436527 0.610539 0.467745 0.626938 0.462432 0.658905 0.431214 0.642507
3 0.851489 0.025044 0.858013 0.000000 0.870907 0.000000 0.864383 0.032400
3 0.642618 0.287657 0.656584 0.251915 0.667278 0.265121 0.653312 0.300863
3 0.866184 0.076250 0.890796 0.086357 0.887983 0.108009 0.863371 0.097902
3 0.496577 0.628773 0.523130 0.622030 0.525819 0.655486 0.499265 0.662230
3 0.777087 0.855395 0.806944 0.897986 0.796351 0.921457 0.766493 0.878866
3 0.328071 0.333515 0.344292 0.365486 0.334429 0.381300 0.318208 0.349329
3 0.741339 0.778867 0.710466 0.737081 0.723244 0.707244 0.754117 0.749030
3 0.475400 0.305005 0.446696 0.291529 0.451684 0.257958 0.480387 0.271434
3 0.217538 0.211705 0.244178 0.237027 0.237670 0.258665 0.211030 0.233343
3 0.791719 0.855973 0.765995 0.817562 0.777552 0.793101 0.803276 0.831512
3 0.556615 0.590675 0.578633 0.549317 0.593385 0.574140 0.571367 0.615498
3 0.951951 0.122336 0.927507 0.098556 0.934507 0.075812 0.958952 0.099592
3 0.888101 1.000000 0.854233 0.963935 0.866066 0.934583 0.899933 0.977732