3 0.795800 0.853972 0.768175 0.811674 0.780242 0.786768 0.807866 0.829066
3 0.699140 0.677694 0.728571 0.708364 0.719089 0.737121 0.689658 0.706451
3 0.620020 0.382821 0.629164 0.340959 0.643001 0.350512 0.633857 0.392374
3 0.166107 0.157725 0.186832 0.180002 0.180768 0.197830 0.160043 0.175554
3 0.603029 0.478512 0.609969 0.433410 0.623533 0.440006 0.616593 0.485109
3 0.261591 0.257444 0.284267 0.280210 0.277992 0.299963 0.255316 0.277197
3 0.464120 0.628844 0.493677 0.645404 0.487963 0.677637 0.458406 0.661078
3 0.058903 0.022494 0.041177 0.011629 0.044742 0.000000 0.062468 0.004111
3 0.710441 0.157500 0.731318 0.126106 0.739559 0.143426 0.718682 0.174820
3 0.655387 0.610069 0.685557 0.636336 0.677425 0.665857 0.647255 0.639590
3 0.136254 0.098749 0.116727 0.076552 0.124163 0.055880 0.143689 0.078077
3 0.670705 0.223290 0.688112 0.195390 0.696482 0.211895 0.679075 0.239795
3 0.355322 0.405250 0.370111 0.453664 0.352490 0.470676 0.337701 0.422262
3 0.321302 0.318924 0.338233 0.349711 0.328177 0.367187 0.311247 0.336400
3 0.845624 0.044413 0.859201 0.011592 0.869481 0.025032 0.855903 0.057853
3 0.385161 0.524996 0.405366 0.561745 0.394006 0.581486 0.373801 0.544736
3 0.096359 0.084442 0.115209 0.099091 0.110933 0.116484 0.092082 0.101835
3 0.866122 0.970421 0.834216 0.918566 0.849503 0.888839 0.881409 0.940693
3 0.624416 0.573780 0.614895 0.518924 0.637042 0.506776 0.646563 0.561631
3 0.918889 0.082494 0.938957 0.099099 0.936320 0.109172 0.916251 0.092568
3 0.952137 0.104289 0.974109 0.123476 0.970779 0.135526 0.948808 0.116339