3 0.768390 0.818134 0.743208 0.773204 0.755568 0.751310 0.780750 0.796240
3 0.689708 0.665463 0.718887 0.697769 0.709250 0.725278 0.680071 0.692972
3 0.640775 0.299649 0.654959 0.264180 0.665996 0.278129 0.651812 0.313598
3 0.211347 0.209371 0.233767 0.229034 0.228237 0.248963 0.205816 0.229300
3 0.616352 0.393615 0.625713 0.354408 0.639377 0.364719 0.630016 0.403925
3 0.305275 0.303308 0.326917 0.333020 0.318162 0.353173 0.296521 0.323461
3 0.522758 0.658129 0.552673 0.668402 0.549117 0.701130 0.519202 0.690858
3 0.737988 0.117255 0.759340 0.088393 0.767221 0.106820 0.745869 0.135681
3 0.656544 0.645955 0.636139 0.600865 0.650748 0.579971 0.671153 0.625060
3 0.086711 0.048750 0.066695 0.031949 0.072143 0.011435 0.092159 0.028236
3 0.701304 0.173611 0.720154 0.149637 0.726821 0.166204 0.707971 0.190178
3 0.374500 0.481841 0.390225 0.529851 0.372896 0.547789 0.357171 0.499779
3 0.351636 0.377964 0.360892 0.417249 0.345760 0.428518 0.336503 0.389233
3 0.855145 0.016812 0.858128 0.000000 0.869335 0.000000 0.866352 0.021055
3 0.425634 0.591347 0.452387 0.621812 0.443116 0.647542 0.416363 0.617077
3 0.138161 0.127108 0.155752 0.147803 0.149860 0.163632 0.132269 0.142938
3 0.832344 0.911892 0.798142 0.867985 0.811406 0.835330 0.845608 0.879238
3 0.612311 0.514993 0.604401 0.469913 0.627272 0.457229 0.635182 0.502309
3 0.918510 0.082253 0.939317 0.099325 0.936698 0.109414 0.915891 0.092341
3 0.002919 0.000000 0.018399 0.009471 0.012706 0.034841 0.000000 0.023862
3 0.950934 0.104410 0.973283 0.124328 0.969899 0.136330 0.947550 0.116412