3 0.818733 0.891543 0.792113 0.845248 0.805225 0.821420 0.831845 0.867715
3 0.705780 0.689549 0.735899 0.719951 0.726512 0.749340 0.696393 0.718938
3 0.607496 0.446540 0.616207 0.400462 0.630524 0.409015 0.621814 0.455094
3 0.132992 0.119068 0.151640 0.141943 0.145133 0.158710 0.126485 0.135834
3 0.587156 0.538329 0.599251 0.495768 0.611803 0.507041 0.599707 0.549603
3 0.229295 0.223233 0.251760 0.244761 0.245705 0.264730 0.223240 0.243202
3 0.426315 0.596311 0.454176 0.620433 0.446081 0.649985 0.418220 0.625863
3 0.095906 0.058402 0.077616 0.038808 0.083261 0.022154 0.101551 0.041747
3 0.687984 0.192121 0.707858 0.159411 0.716704 0.176398 0.696830 0.209107
3 0.657733 0.615390 0.688227 0.642581 0.680288 0.670721 0.649794 0.643530
3 0.177329 0.140648 0.157065 0.117071 0.164338 0.097315 0.184602 0.120892
3 0.650176 0.273103 0.663901 0.238759 0.674303 0.251897 0.660578 0.286241
3 0.340870 0.355113 0.356692 0.403022 0.341421 0.418961 0.325599 0.371052
3 0.293527 0.282487 0.313366 0.308764 0.305431 0.327698 0.285592 0.301422
3 0.830952 0.048500 0.850132 0.032892 0.857069 0.059833 0.837889 0.075441
3 0.371917 0.466402 0.383015 0.510323 0.366624 0.523412 0.355526 0.479492
3 0.066930 0.054321 0.085206 0.067824 0.081508 0.083642 0.063232 0.070138
3 0.901439 1.000000 0.866527 0.969747 0.880331 0.942008 0.915244 0.996919
3 0.640982 0.601426 0.617842 0.556235 0.634018 0.530056 0.657158 0.575247
3 0.917574 0.083145 0.938508 0.099720 0.936072 0.109447 0.915137 0.092872