3 0.691796 0.705672 0.664891 0.669910 0.674871 0.646180 0.701776 0.681942
3 0.645602 0.630604 0.625714 0.586558 0.640336 0.565692 0.660224 0.609738
3 0.763525 0.098047 0.783944 0.081692 0.789079 0.101953 0.768660 0.118308
3 0.368580 0.455385 0.378524 0.495152 0.361628 0.508504 0.351685 0.468737
3 0.719363 0.146073 0.737139 0.124212 0.743658 0.140964 0.725882 0.162825
3 0.412569 0.587639 0.440944 0.613047 0.432743 0.641991 0.404369 0.616582
3 0.835690 0.944877 0.866182 0.984475 0.853893 1.000000 0.823401 0.974784
3 0.846721 0.041790 0.858597 0.004266 0.869945 0.015617 0.858069 0.053141
3 0.630706 0.328355 0.643051 0.288117 0.654711 0.299423 0.642366 0.339660
3 0.839169 0.068337 0.864415 0.074983 0.862393 0.099255 0.837148 0.092610
3 0.471167 0.624276 0.499945 0.629120 0.498104 0.663687 0.469326 0.658843
3 0.731702 0.800482 0.761564 0.837665 0.752152 0.861555 0.722290 0.824372
3 0.308927 0.306900 0.328046 0.334077 0.320240 0.351433 0.301121 0.324256
3 0.749630 0.789816 0.717849 0.748647 0.730578 0.717591 0.762359 0.758760
3 0.505924 0.312937 0.476737 0.301006 0.481056 0.267618 0.510242 0.279549
3 0.192998 0.186103 0.217439 0.212665 0.210648 0.232415 0.186207 0.205853
3 0.804532 0.872836 0.776582 0.836470 0.787656 0.809571 0.815605 0.845937
3 0.535528 0.604520 0.561914 0.575626 0.574889 0.613073 0.548503 0.641967
3 0.973856 0.143424 0.948216 0.119693 0.955311 0.095465 0.980951 0.119196
3 0.894241 1.000000 0.867188 0.981932 0.879197 0.955732 0.906249 0.994919
3 0.916565 0.084927 0.936657 0.102517 0.933435 0.114147 0.913343 0.096557