3 0.734992 0.761469 0.705897 0.729800 0.715008 0.703346 0.744103 0.735015
3 0.681798 0.683899 0.653838 0.653369 0.663515 0.625360 0.691475 0.655890
3 0.700596 0.178152 0.719380 0.154014 0.727008 0.172774 0.708224 0.196912
3 0.306937 0.306731 0.326479 0.335188 0.318063 0.353454 0.298521 0.324997
3 0.657049 0.249057 0.672892 0.220265 0.682014 0.236128 0.666170 0.264920
3 0.371582 0.439995 0.377707 0.481651 0.356543 0.491486 0.350418 0.449831
3 0.670332 0.735290 0.697598 0.764281 0.689043 0.789710 0.661777 0.760719
3 0.796275 0.056123 0.819149 0.047047 0.823517 0.081840 0.800642 0.090916
3 0.614365 0.510797 0.613004 0.464101 0.631989 0.462351 0.633350 0.509048
3 0.759124 0.100033 0.779184 0.082329 0.784626 0.101819 0.764566 0.119523
3 0.385605 0.526348 0.404910 0.558105 0.392000 0.582911 0.372694 0.551155
3 0.558704 0.666915 0.589439 0.682952 0.584525 0.712715 0.553790 0.696677
3 0.220818 0.217987 0.242125 0.236430 0.236995 0.255161 0.215688 0.236718
3 0.782142 0.838386 0.751231 0.793692 0.764212 0.765318 0.795123 0.810012
3 0.588877 0.400195 0.564966 0.362305 0.577269 0.337768 0.601180 0.375658
3 0.918273 0.083262 0.937440 0.099999 0.935373 0.107479 0.916206 0.090741
3 0.090789 0.079697 0.112944 0.102217 0.107128 0.120303 0.084972 0.097783
3 0.854825 0.950870 0.827931 0.912810 0.839446 0.887093 0.866340 0.925153
3 0.950802 0.106177 0.972856 0.125063 0.970031 0.135490 0.947977 0.116604
3 0.438183 0.595650 0.474009 0.615345 0.467546 0.652498 0.431720 0.632803