3 0.688359 0.701321 0.661454 0.665559 0.672058 0.640346 0.698963 0.676108
3 0.643775 0.626222 0.624213 0.582897 0.639038 0.561741 0.658600 0.605066
3 0.771397 0.087779 0.791857 0.074022 0.796832 0.097406 0.776372 0.111163
3 0.373239 0.474992 0.383577 0.514439 0.366345 0.528712 0.356007 0.489264
3 0.727367 0.134300 0.745265 0.113592 0.751799 0.131440 0.733902 0.152149
3 0.423322 0.599855 0.454211 0.620864 0.447512 0.651997 0.416622 0.630988
3 0.855419 0.972698 0.875172 0.992424 0.868540 1.000000 0.848787 0.993687
3 0.850867 0.036966 0.858585 0.000000 0.870487 0.000997 0.862769 0.043756
3 0.636565 0.309443 0.648647 0.270005 0.660310 0.281298 0.648228 0.320736
3 0.852648 0.073265 0.877380 0.079762 0.875477 0.102661 0.850745 0.096164
3 0.483784 0.628043 0.511096 0.625702 0.512049 0.660846 0.484737 0.663187
3 0.753091 0.827188 0.783569 0.865228 0.773993 0.889478 0.743514 0.851439
3 0.318720 0.319317 0.336152 0.349206 0.327113 0.365868 0.309681 0.335979
3 0.744828 0.784328 0.713954 0.742542 0.727047 0.711969 0.757921 0.753754
3 0.491811 0.306563 0.462453 0.296048 0.466002 0.264733 0.495360 0.275248
3 0.205630 0.198915 0.230782 0.225168 0.224058 0.245529 0.198906 0.219276
3 0.796850 0.864059 0.770171 0.824793 0.781796 0.799830 0.808475 0.839096
3 0.546087 0.598444 0.571544 0.563125 0.585163 0.594148 0.559706 0.629467
3 0.961854 0.133447 0.937182 0.106669 0.944917 0.084146 0.969589 0.110923
3 0.890316 1.000000 0.861021 0.965839 0.875309 0.942167 0.904604 0.998050