3 0.711095 0.735019 0.684156 0.697060 0.695155 0.672388 0.722094 0.710347
3 0.658041 0.654618 0.635893 0.613480 0.649251 0.590752 0.671398 0.631890
3 0.732377 0.137721 0.750049 0.113263 0.757727 0.130798 0.740055 0.155256
3 0.344010 0.375611 0.357683 0.412265 0.346615 0.425315 0.332942 0.388661
3 0.687420 0.194536 0.703298 0.167785 0.711538 0.183242 0.695661 0.209993
3 0.380939 0.517006 0.397362 0.559856 0.382082 0.578365 0.365659 0.535514
3 0.749532 0.819683 0.779185 0.854109 0.769218 0.881243 0.739565 0.846817
3 0.824332 0.046928 0.846042 0.031230 0.853793 0.065109 0.832083 0.080807
3 0.614728 0.419484 0.619754 0.375946 0.637356 0.382368 0.632330 0.425905
3 0.797017 0.066155 0.818306 0.069117 0.817046 0.097733 0.795757 0.094772
3 0.423884 0.587498 0.449341 0.612802 0.440700 0.640280 0.415242 0.614976
3 0.642275 0.718447 0.671759 0.744046 0.665017 0.768590 0.635532 0.742991
3 0.266045 0.260889 0.287147 0.281058 0.281351 0.300223 0.260249 0.280054
3 0.762766 0.813947 0.734449 0.766785 0.748693 0.739757 0.777009 0.786919
3 0.554369 0.344702 0.525837 0.320928 0.533131 0.293261 0.561663 0.317035
3 0.917318 0.087877 0.937179 0.105252 0.934765 0.113975 0.914904 0.096600
3 0.141755 0.132233 0.164538 0.156511 0.158245 0.175175 0.135462 0.150896
3 0.826109 0.911279 0.801669 0.868305 0.815037 0.844276 0.839477 0.887251
3 0.950132 0.106144 0.972462 0.125076 0.969660 0.135523 0.947329 0.116591
3 0.488398 0.614170 0.522475 0.611339 0.523581 0.653423 0.489504 0.656253