3 0.789147 0.843304 0.761008 0.802825 0.772311 0.777992 0.800450 0.818471
3 0.695287 0.675000 0.725795 0.705117 0.716692 0.734259 0.686184 0.704142
3 0.624028 0.363451 0.634087 0.319246 0.647847 0.329142 0.637788 0.373347
3 0.176898 0.172522 0.198317 0.190547 0.193415 0.208959 0.171995 0.190934
3 0.606390 0.458192 0.613669 0.411816 0.627465 0.418659 0.620186 0.465036
3 0.272440 0.268500 0.295490 0.291968 0.289019 0.312055 0.265969 0.288587
3 0.478058 0.636032 0.506777 0.649406 0.501629 0.684339 0.472911 0.670964
3 0.048544 0.015630 0.027783 0.012555 0.028539 0.000000 0.049301 0.000000
3 0.717814 0.146627 0.738857 0.117057 0.746770 0.134854 0.725727 0.164424
3 0.652894 0.607697 0.682638 0.631210 0.675231 0.660822 0.645487 0.637309
3 0.124684 0.085032 0.105326 0.063225 0.112296 0.043672 0.131653 0.065479
3 0.679115 0.210083 0.696428 0.182689 0.704219 0.198251 0.686906 0.225645
3 0.361932 0.425745 0.374459 0.471543 0.355255 0.488144 0.342728 0.442346
3 0.330243 0.332172 0.346547 0.365252 0.335382 0.382643 0.319078 0.349563
3 0.849307 0.036003 0.861719 0.004545 0.871526 0.016775 0.859114 0.048233
3 0.395173 0.542597 0.415659 0.580794 0.403786 0.600921 0.383299 0.562724
3 0.108044 0.092636 0.125613 0.113391 0.119560 0.129586 0.101991 0.108831
3 0.855684 0.955882 0.823730 0.903436 0.839629 0.872822 0.871582 0.925268
3 0.622362 0.559699 0.611667 0.511957 0.634409 0.495856 0.645104 0.543598
3 0.918762 0.082414 0.939077 0.099174 0.936446 0.109253 0.916131 0.092493
3 0.952445 0.104201 0.974359 0.123595 0.970993 0.135614 0.949079 0.116220