3 0.766257 0.808463 0.738050 0.772731 0.748326 0.747093 0.776533 0.782825
3 0.686545 0.662802 0.716338 0.692346 0.707205 0.721457 0.677412 0.691913
3 0.647803 0.280733 0.663245 0.246965 0.673551 0.261860 0.658109 0.295627
3 0.223035 0.221410 0.245922 0.241483 0.240507 0.260997 0.217620 0.240924
3 0.621486 0.379019 0.629219 0.337241 0.642577 0.345056 0.634844 0.386833
3 0.315394 0.316268 0.336990 0.348299 0.327314 0.368917 0.305718 0.336886
3 0.539583 0.662867 0.569996 0.673445 0.566146 0.708430 0.535733 0.697852
3 0.743737 0.103015 0.769439 0.080526 0.775534 0.102541 0.749832 0.125030
3 0.649213 0.634899 0.632014 0.586312 0.647662 0.568805 0.664861 0.617392
3 0.073967 0.037994 0.054541 0.020115 0.060408 0.000000 0.079834 0.017848
3 0.708533 0.164052 0.726890 0.138149 0.734176 0.154467 0.715818 0.180370
3 0.378128 0.498004 0.397932 0.545094 0.382289 0.565885 0.362485 0.518795
3 0.359780 0.396673 0.366064 0.435852 0.348033 0.444993 0.341748 0.405815
3 0.865377 0.016755 0.853050 0.003790 0.856498 0.000000 0.868825 0.006395
3 0.437953 0.605896 0.466865 0.631464 0.459442 0.657993 0.430530 0.632425
3 0.147740 0.140028 0.166885 0.156844 0.162156 0.173861 0.143011 0.157045
3 0.821185 0.902430 0.790691 0.851275 0.806419 0.821644 0.836913 0.872799
3 0.612915 0.504583 0.600758 0.458470 0.621980 0.440788 0.634138 0.486900
3 0.917894 0.082642 0.938683 0.099785 0.936273 0.109025 0.915483 0.091882
3 0.008827 0.004548 0.030502 0.021581 0.025027 0.043600 0.003352 0.026567
3 0.908491 0.996155 0.886618 1.000000 0.884738 0.980697 0.906611 0.974653
3 0.950591 0.104128 0.972478 0.124628 0.969201 0.135687 0.947313 0.115187